2.00E-06	42.77
5.00E-06	55.52
9.00E-06	69.92
1.40E-05	83.93
1.90E-05	98.9
2.40E-05	114.22
3.00E-05	131.62
3.60E-05	149.33
4.30E-05	167.85
5.00E-05	186.36
5.60E-05	202.95
6.20E-05	216.2
6.50E-05	223.62
6.60E-05	223.41
6.70E-05	223.23
6.80E-05	227.84
7.20E-05	234.99
7.60E-05	245.35
8.10E-05	257.66
8.70E-05	271.47
9.30E-05	286.52
0.0001	302.35
0.000107	319.28
0.000115	336.78
0.000123	355.53
0.000132	376.22
0.000142	398.05
0.000152	421.54
0.000163	446.13
0.000175	471.55
0.000186	497.91
0.000198	525.1
0.000211	553.55
0.000225	583.14
0.000239	613.33
0.000253	644.86
0.000268	677.26
0.000283	710.07
0.000299	744.03
0.000314	778.77
0.00033	814.33
0.000347	850.51
0.000364	887.14
0.000381	923.97
0.000398	961
0.000416	998.58
0.000433	1036.2
0.000451	1074.76
0.000469	1113.5
0.000487	1152.36
0.000505	1192.16
0.000524	1231.97
0.000543	1271.81
0.000562	1311.65
0.000581	1352.13
0.0006	1392.83
0.000619	1433.98
0.000639	1475.84
0.000659	1517.93
0.000679	1559.68
0.000699	1601.96
0.000719	1644.06
0.000739	1686.7
0.000759	1729.08
0.00078	1771.61
0.0008	1814.7
0.000821	1858.27
0.000841	1901.6
0.000862	1945.17
0.000882	1988.16
0.000903	2031.96
0.000924	2075.45
0.000945	2119.31
0.000965	2162.79
0.000986	2206.64
0.001007	2250.87
0.001028	2295.21
0.001049	2339.55
0.001071	2383.76
0.001092	2429.27
0.001113	2474.55
0.001135	2519.79
0.001156	2565.51
0.001178	2610.91
0.0012	2656.91
0.001221	2702.49
0.001243	2748.51
0.001265	2794.57
0.001287	2840.98
0.001309	2887.84
0.001331	2934.41
0.001353	2980.98
0.001375	3027.83
0.001397	3074.44
0.001419	3121.3
0.001442	3168.32
0.001464	3215.54
0.001486	3262.67
0.001508	3309.65
0.001531	3357.31
0.001553	3404.96
0.001576	3452.21
0.001598	3499.93
0.001621	3547.52
0.001644	3595.71
0.001666	3643.93
0.001689	3692.16
0.001712	3740.13
0.001735	3788.46
0.001758	3836.49
0.001781	3885.43
0.001804	3934.4
0.001828	3983.23
0.001851	4031.8
0.001874	4081
0.001897	4129.91
0.00192	4179.26
0.001944	4228.85
0.001967	4278.2
0.001991	4327.56
0.002014	4377.23
0.002038	4426.63
0.002061	4476.69
0.002085	4526.78
0.002109	4576.91
0.002133	4627.22
0.002157	4677.69
0.00218	4727.95
0.002204	4778.52
0.002228	4828.91
0.002253	4879.58
0.002277	4930.3
0.002301	4981.65
0.002325	5031.9
0.002349	5082.44
0.002373	5133.23
0.002397	5183.59
0.002421	5234.44
0.002445	5285.66
0.00247	5336.6
0.002494	5387.51
0.002518	5438.13
0.002542	5489.33
0.002567	5540.56
0.002591	5591.86
0.002615	5643.07
0.00264	5694.37
0.002664	5745.22
0.002688	5796.76
0.002713	5848.09
0.002737	5899.72
0.002762	5951.26
0.002786	6002.99
0.002811	6054.71
0.002836	6106.05
0.002861	6157.3
0.002885	6208.99
0.00291	6260.98
0.002935	6312.78
0.00296	6364.77
0.002985	6416.45
0.00301	6468.3
0.003034	6520.62
0.003059	6572.26
0.003084	6624.02
0.003109	6675.76
0.003134	6727.67
0.003159	6779.51
0.003184	6831.47
0.003209	6883.2
0.003234	6934.9
0.003259	6986.62
0.003284	7038.64
0.003309	7090.16
0.003334	7141.98
0.003359	7194
0.003384	7245.72
0.003409	7297.56
0.003434	7349.29
0.003459	7401.1
0.003484	7453.17
0.003509	7505.18
0.003535	7557.18
0.00356	7608.64
0.003586	7660.18
0.003611	7712.36
0.003637	7764.36
0.003662	7816.49
0.003688	7868.17
0.003713	7919.97
0.003739	7972.41
0.003764	8024.47
0.00379	8076.47
0.003816	8128.42
0.003842	8180.24
0.003867	8232.14
0.003893	8283.79
0.003919	8334.98
0.003945	8386.65
0.003971	8437.79
0.003997	8488.81
0.004023	8539.95
0.004049	8590.84
0.004075	8641.65
0.004101	8691.84
0.004128	8742.25
0.004154	8792.54
0.004181	8842.11
0.004207	8891.98
0.004234	8941.43
0.004261	8990.94
0.004288	9040
0.004315	9088.9
0.004342	9137.19
0.004369	9185.37
0.004397	9233.47
0.004424	9280.81
0.004452	9327.77
0.004481	9374.35
0.004509	9421.01
0.004538	9467
0.004567	9512.57
0.004597	9556.92
0.004627	9600.83
0.004658	9643.94
0.00469	9685.93
0.004722	9727.31
0.004756	9767.58
0.004791	9806.73
0.004827	9844.59
0.004864	9881.06
0.004903	9916.27
0.004945	9949.68
0.004988	9981.48
0.005035	10011.23
0.005083	10039.17
0.005135	10065.2
0.00519	10089.07
0.005248	10110.84
0.00531	10130.95
0.005375	10149.3
0.005443	10166.2
0.005515	10181.51
0.00559	10195.22
0.005669	10207.56
0.00575	10219.12
0.005834	10229.14
0.00592	10238.58
0.006009	10247.66
0.0061	10256.1
0.006193	10263.7
0.006287	10271.15
0.006383	10278.18
0.00648	10284.9
0.006578	10291.78
0.006677	10297.4
0.006776	10303.77
0.006876	10310.35
0.006977	10316.8
0.007078	10322.99
0.00718	10329.54
0.007281	10335.81
0.007383	10341.69
0.007485	10347.83
0.007587	10354.43
0.007689	10361.24
0.00779	10367.67
0.007892	10373.68
0.007994	10380.02
0.008095	10386.08
0.008196	10392.49
0.008298	10398.77
0.008399	10405.01
0.008499	10411.34
0.0086	10417.7
0.0087	10424.55
0.0088	10430.35
0.0089	10436.24
0.008999	10442.56
0.009099	10448.73
0.009198	10455.11
0.009296	10461.59
0.009395	10467.63
0.009493	10473.45
0.00959	10479.72
0.009688	10486.24
0.009786	10492.29
0.009884	10498.85
0.009981	10504.94
0.010079	10511.08
0.010176	10517.48
0.010274	10523.7
0.010371	10530.17
0.010469	10537.05
0.010566	10543.2
0.010663	10548.91
0.010761	10555.07
0.010858	10561.73
0.010955	10568.05
0.011053	10574.72
0.01115	10581.15
0.011248	10587.57
0.011345	10593.46
0.011443	10599.96
0.01154	10605.71
0.011638	10612.1
0.011735	10618.63
0.011833	10625.1
0.01193	10631.07
0.012027	10637.4
0.012124	10644.08
0.012222	10650.08
0.012319	10656.79
0.012416	10662.52
0.012513	10668.68
0.012611	10675.08
0.012708	10681.79
0.012805	10688.34
0.012902	10694.59
0.012999	10700.83
0.013096	10707.29
0.013193	10713.61
0.013289	10719.67
0.013386	10725.34
0.013483	10731.61
0.01358	10738.05
0.013676	10743.97
0.013772	10750.57
0.013868	10757.13
0.013964	10763.3
0.01406	10769.49
0.014156	10775.31
0.014252	10781.84
0.014347	10787.69
0.014442	10793.74
0.014537	10799.79
0.014632	10806.34
0.014727	10812.38
0.014821	10818.95
0.014916	10824.66
0.01501	10830.85
0.015104	10837
0.015198	10842.91
0.015292	10848.96
0.015386	10854.8
0.01548	10860.99
0.015574	10867.06
0.015668	10873.15
0.015762	10879.22
0.015856	10885.32
0.01595	10891.35
0.016043	10897.43
0.016137	10903.44
0.016231	10909.54
0.016325	10915.82
0.01642	10921.91
0.016514	10927.76
0.016608	10933.68
0.016702	10939.65
0.016796	10945.52
0.01689	10951.39
0.016984	10957.3
0.017077	10962.85
0.017171	10968.4
0.017265	10974.43
0.017358	10980.22
0.017452	10985.88
0.017545	10991.79
0.017638	10998.03
0.017731	11003.88
0.017824	11009.77
0.017917	11015.58
0.018009	11021.39
0.018102	11026.85
0.018194	11032.47
0.018287	11038.64
0.018379	11044.59
0.018471	11050.56
0.018563	11056.13
0.018655	11061.92
0.018748	11068.1
0.01884	11073.68
0.018933	11079.72
0.019026	11084.99
0.019119	11091.07
0.019212	11096.55
0.019305	11102.45
0.019398	11108.09
0.019491	11113.98
0.019584	11119.66
0.019676	11125.31
0.019769	11131.02
0.019862	11136.69
0.019954	11142.16
0.020046	11147.78
0.020139	11153.31
0.020231	11159.14
0.020323	11164.47
0.020415	11169.73
0.020507	11175.4
0.020598	11181.22
0.02069	11186.77
0.020781	11192.53
0.020873	11197.79
0.020964	11203.24
0.021055	11208.76
0.021146	11214.08
0.021236	11219.8
0.021326	11225.49
0.021417	11231.05
0.021507	11236.32
0.021598	11242.07
0.021688	11247.91
0.021779	11253.57
0.02187	11258.62
0.02196	11263.65
0.022051	11269.13
0.022141	11274.75
0.022232	11280.11
0.022322	11285.65
0.022412	11291.46
0.022503	11297
0.022593	11302.62
0.022683	11307.86
0.022774	11313.29
0.022864	11317.84
0.022955	11323.5
0.023046	11328.79
0.023136	11334.16
0.023225	11339.36
0.023315	11345.01
0.023405	11350.11
0.023494	11355.13
0.023583	11360.18
0.023673	11365.72
0.023762	11371.01
0.023851	11375.91
0.02394	11381.02
0.024029	11386.51
0.024118	11391.99
0.024206	11396.99
0.024295	11401.75
0.024383	11407.27
0.024472	11412.67
0.024561	11417.77
0.02465	11423
0.024739	11428.62
0.024828	11433.91
0.024916	11438.72
0.025005	11444.09
0.025093	11449.04
0.025182	11454.13
0.025271	11459.43
0.025359	11464.78
0.025448	11469.98
0.025537	11475.37
0.025626	11480.42
0.025714	11485.11
0.025803	11490.01
0.025891	11495.21
0.025979	11500.27
0.026067	11504.98
0.026155	11510.35
0.026242	11515.43
0.02633	11520.03
0.026417	11524.57
0.026504	11529.82
0.026591	11534.89
0.026677	11540.03
0.026764	11544.85
0.026851	11549.68
0.026937	11554.56
0.027024	11559.02
0.02711	11564.18
0.027196	11568.98
0.027281	11573.92
0.027367	11579.59
0.027453	11584.82
0.027538	11589.94
0.027624	11594.98
0.02771	11599.92
0.027796	11604.59
0.027882	11609.7
0.027967	11614.69
0.028053	11619.45
0.028139	11624.41
0.028225	11629.6
0.028311	11634.26
0.028396	11638.85
0.028481	11643.63
0.028567	11648.56
0.028652	11653.27
0.028737	11657.9
0.028822	11662.37
0.028907	11667.39
0.028991	11671.92
0.029076	11676.79
0.02916	11681.41
0.029244	11686.1
0.029328	11691.37
0.029412	11695.93
0.029496	11700.29
0.02958	11705.28
0.029663	11709.91
0.029747	11714.61
0.02983	11719.05
0.029913	11723.76
0.029996	11728.74
0.030079	11733.48
0.030162	11738.61
0.030244	11743.1
0.030327	11747.63
0.030409	11752.04
0.030492	11756.84
0.030574	11761.87
0.030657	11766.33
0.030739	11770.84
0.030821	11776.16
0.030903	11780.8
0.030985	11785.28
0.031067	11789.98
0.031149	11794.34
0.031231	11798.4
0.031313	11803.43
0.031395	11807.66
0.031477	11812.25
0.031558	11816.54
0.03164	11820.8
0.031721	11825.49
0.031802	11830.19
0.031883	11834.74
0.031963	11839.27
0.032044	11843.96
0.032124	11848.11
0.032204	11852.1
0.032285	11856.75
0.032364	11861.14
0.032444	11865.57
0.032524	11870.14
0.032604	11874.94
0.032683	11878.82
0.032763	11883.59
0.032842	11887.92
0.032921	11892.49
0.033	11897.04
0.03308	11901.19
0.033159	11906.06
0.033238	11910.93
0.033317	11915.09
0.033397	11919.14
0.033476	11923.84
0.033555	11928.15
0.033634	11932.3
0.033713	11936.53
0.033791	11940.64
0.03387	11945.11
0.033949	11949.48